2 1 4 
1 6 1 
8 1 10 
0 1 -2 
1 -4 1 
-6 1 -8 
-0.167 0.2 0.167 
-0.167 0.2 0.167 
-0.167 0.2 0.167 
8 5 12 
8 5 12 
8 5 12 
2 1 4 
1 6 1 
8 1 10 
0 1 -2 
1 -4 1 
-6 1 -8 
-0.167 0.2 0.167 
-0.167 0.2 0.167 
-0.167 0.2 0.167 
8 5 12 
8 5 12 
8 5 12 
2 1 4 
1 6 1 
8 1 10 
0 1 -2 
1 -4 1 
-6 1 -8 
-0.167 0.2 0.167 
-0.167 0.2 0.167 
-0.167 0.2 0.167 
8 5 12 
8 5 12 
8 5 12 
2 1 4 
1 6 1 
8 1 10 
0 1 -2 
1 -4 1 
-6 1 -8 
-0.167 0.2 0.167 
-0.167 0.2 0.167 
-0.167 0.2 0.167 
8 5 12 
8 5 12 
8 5 12 
2 1 4 
1 6 1 
8 1 10 
0 1 -2 
1 -4 1 
-6 1 -8 
-0.167 0.2 0.167 
-0.167 0.2 0.167 
-0.167 0.2 0.167 
8 5 12 
8 5 12 
8 5 12 
2 1 4 
1 6 1 
8 1 10 
0 1 -2 
1 -4 1 
-6 1 -8 
-0.167 0.2 0.167 
-0.167 0.2 0.167 
-0.167 0.2 0.167 
8 5 12 
8 5 12 
8 5 12 
2 1 4 
1 6 1 
8 1 10 
0 1 -2 
1 -4 1 
-6 1 -8 
-0.167 0.2 0.167 
-0.167 0.2 0.167 
-0.167 0.2 0.167 
8 5 12 
8 5 12 
8 5 12 
2 1 4 
1 6 1 
8 1 10 
0 1 -2 
1 -4 1 
-6 1 -8 
-0.167 0.2 0.167 
-0.167 0.2 0.167 
-0.167 0.2 0.167 
8 5 12 
8 5 12 
8 5 12 
2 1 4 
1 6 1 
8 1 10 
0 1 -2 
1 -4 1 
-6 1 -8 
-0.167 0.2 0.167 
-0.167 0.2 0.167 
-0.167 0.2 0.167 
8 5 12 
8 5 12 
8 5 12 
2 1 4 
1 6 1 
8 1 10 
0 1 -2 
1 -4 1 
-6 1 -8 
-0.167 0.2 0.167 
-0.167 0.2 0.167 
-0.167 0.2 0.167 
8 5 12 
8 5 12 
8 5 12 
2 1 4 
1 6 1 
8 1 10 
0 1 -2 
1 -4 1 
-6 1 -8 
-0.167 0.2 0.167 
-0.167 0.2 0.167 
-0.167 0.2 0.167 
8 5 12 
8 5 12 
8 5 12 
2 1 4 
1 6 1 
8 1 10 
0 1 -2 
1 -4 1 
-6 1 -8 
-0.167 0.2 0.167 
-0.167 0.2 0.167 
-0.167 0.2 0.167 
8 5 12 
8 5 12 
8 5 12 
2 1 4 
1 6 1 
8 1 10 
0 1 -2 
1 -4 1 
-6 1 -8 
-0.167 0.2 0.167 
-0.167 0.2 0.167 
-0.167 0.2 0.167 
8 5 12 
8 5 12 
8 5 12 
2 1 4 
1 6 1 
8 1 10 
0 1 -2 
1 -4 1 
-6 1 -8 
-0.167 0.2 0.167 
-0.167 0.2 0.167 
-0.167 0.2 0.167 
8 5 12 
8 5 12 
8 5 12 
2 1 4 
1 6 1 
8 1 10 
0 1 -2 
1 -4 1 
-6 1 -8 
-0.167 0.2 0.167 
-0.167 0.2 0.167 
-0.167 0.2 0.167 
8 5 12 
8 5 12 
8 5 12 
2 1 4 
1 6 1 
8 1 10 
0 1 -2 
1 -4 1 
-6 1 -8 
-0.167 0.2 0.167 
-0.167 0.2 0.167 
-0.167 0.2 0.167 
8 5 12 
8 5 12 
8 5 12 
2 1 4 
1 6 1 
8 1 10 
0 1 -2 
1 -4 1 
-6 1 -8 
-0.167 0.2 0.167 
-0.167 0.2 0.167 
-0.167 0.2 0.167 
8 5 12 
8 5 12 
8 5 12 
