

[2, 7, 5]
[7, -1, 8]
[8, 52, 10]

[0, -1, 3]
[3, -11, 4]
[-4, 40, 4]

[2, 7]
[7, -1]
[8, 52]

[0, -1]
[3, -11]
[-4, 40]

[2, 7, 5]
[7, -1, 8]
[8, 52, 10]

[0, -1, 3]
[3, -11, 4]
[-4, 40, 4]

[2, 7]
[7, -1]
[8, 52]

[0, -1]
[3, -11]
[-4, 40]

[2, 7, 5]
[7, -1, 8]
[8, 52, 10]

[0, -1, 3]
[3, -11, 4]
[-4, 40, 4]

[2, 7]
[7, -1]
[8, 52]

[0, -1]
[3, -11]
[-4, 40]

[2, 7, 5]
[7, -1, 8]
[8, 52, 10]

[0, -1, 3]
[3, -11, 4]
[-4, 40, 4]

[2, 7]
[7, -1]
[8, 52]

[0, -1]
[3, -11]
[-4, 40]

[2, 7, 5]
[7, -1, 8]
[8, 52, 10]

[0, -1, 3]
[3, -11, 4]
[-4, 40, 4]

[2, 7]
[7, -1]
[8, 52]

[0, -1]
[3, -11]
[-4, 40]

[2, 7, 5]
[7, -1, 8]
[8, 52, 10]

[0, -1, 3]
[3, -11, 4]
[-4, 40, 4]

[2, 7]
[7, -1]
[8, 52]

[0, -1]
[3, -11]
[-4, 40]

