
4.0 3.0 1.0 
0.0 -1.0 0.0 
1.0 2.0 3.0 

6.0 5.0 3.0 
2.0 1.0 2.0 
3.0 4.0 5.0 

8.0 7.0 7.0 
8.0 7.0 7.0 
8.0 7.0 7.0 

0.118 0.059 0.176 
0.118 0.059 0.176 
0.118 0.059 0.176 

4.0 3.0 1.0 
0.0 -1.0 0.0 
1.0 2.0 3.0 

6.0 5.0 3.0 
2.0 1.0 2.0 
3.0 4.0 5.0 

8.0 7.0 7.0 
8.0 7.0 7.0 
8.0 7.0 7.0 

0.118 0.059 0.176 
0.118 0.059 0.176 
0.118 0.059 0.176 

4.0 3.0 1.0 
0.0 -1.0 0.0 
1.0 2.0 3.0 

6.0 5.0 3.0 
2.0 1.0 2.0 
3.0 4.0 5.0 

8.0 7.0 7.0 
8.0 7.0 7.0 
8.0 7.0 7.0 

0.118 0.059 0.176 
0.118 0.059 0.176 
0.118 0.059 0.176 

4.0 3.0 1.0 
0.0 -1.0 0.0 
1.0 2.0 3.0 

6.0 5.0 3.0 
2.0 1.0 2.0 
3.0 4.0 5.0 

8.0 7.0 7.0 
8.0 7.0 7.0 
8.0 7.0 7.0 

0.118 0.059 0.176 
0.118 0.059 0.176 
0.118 0.059 0.176 

4.0 3.0 1.0 
0.0 -1.0 0.0 
1.0 2.0 3.0 

6.0 5.0 3.0 
2.0 1.0 2.0 
3.0 4.0 5.0 

8.0 7.0 7.0 
8.0 7.0 7.0 
8.0 7.0 7.0 

0.118 0.059 0.176 
0.118 0.059 0.176 
0.118 0.059 0.176 

4.0 3.0 1.0 
0.0 -1.0 0.0 
1.0 2.0 3.0 

6.0 5.0 3.0 
2.0 1.0 2.0 
3.0 4.0 5.0 

8.0 7.0 7.0 
8.0 7.0 7.0 
8.0 7.0 7.0 

0.118 0.059 0.176 
0.118 0.059 0.176 
0.118 0.059 0.176 

4.0 3.0 1.0 
0.0 -1.0 0.0 
1.0 2.0 3.0 

6.0 5.0 3.0 
2.0 1.0 2.0 
3.0 4.0 5.0 

8.0 7.0 7.0 
8.0 7.0 7.0 
8.0 7.0 7.0 

0.118 0.059 0.176 
0.118 0.059 0.176 
0.118 0.059 0.176 

4.0 3.0 1.0 
0.0 -1.0 0.0 
1.0 2.0 3.0 

6.0 5.0 3.0 
2.0 1.0 2.0 
3.0 4.0 5.0 

8.0 7.0 7.0 
8.0 7.0 7.0 
8.0 7.0 7.0 

0.118 0.059 0.176 
0.118 0.059 0.176 
0.118 0.059 0.176 

4.0 3.0 1.0 
0.0 -1.0 0.0 
1.0 2.0 3.0 

6.0 5.0 3.0 
2.0 1.0 2.0 
3.0 4.0 5.0 

8.0 7.0 7.0 
8.0 7.0 7.0 
8.0 7.0 7.0 

4.0 3.0 1.0 
0.0 -1.0 0.0 
1.0 2.0 3.0 

6.0 5.0 3.0 
2.0 1.0 2.0 
3.0 4.0 5.0 

8.0 7.0 7.0 
8.0 7.0 7.0 
8.0 7.0 7.0 

4.0 3.0 1.0 
0.0 -1.0 0.0 
1.0 2.0 3.0 

6.0 5.0 3.0 
2.0 1.0 2.0 
3.0 4.0 5.0 

8.0 7.0 7.0 
8.0 7.0 7.0 
8.0 7.0 7.0 

0.118 0.059 0.176 
0.118 0.059 0.176 
0.118 0.059 0.176 

4.0 3.0 1.0 
0.0 -1.0 0.0 
1.0 2.0 3.0 

6.0 5.0 3.0 
2.0 1.0 2.0 
3.0 4.0 5.0 

8.0 7.0 7.0 
8.0 7.0 7.0 
8.0 7.0 7.0 

0.118 0.059 0.176 
0.118 0.059 0.176 
0.118 0.059 0.176 

4.0 3.0 1.0 
0.0 -1.0 0.0 
1.0 2.0 3.0 

6.0 5.0 3.0 
2.0 1.0 2.0 
3.0 4.0 5.0 

8.0 7.0 7.0 
8.0 7.0 7.0 
8.0 7.0 7.0 

0.118 0.059 0.176 
0.118 0.059 0.176 
0.118 0.059 0.176 

4.0 3.0 1.0 
0.0 -1.0 0.0 
1.0 2.0 3.0 

6.0 5.0 3.0 
2.0 1.0 2.0 
3.0 4.0 5.0 

8.0 7.0 7.0 
8.0 7.0 7.0 
8.0 7.0 7.0 

0.118 0.059 0.176 
0.118 0.059 0.176 
0.118 0.059 0.176 

4.0 3.0 1.0 
0.0 -1.0 0.0 
1.0 2.0 3.0 

6.0 5.0 3.0 
2.0 1.0 2.0 
3.0 4.0 5.0 

8.0 7.0 7.0 
8.0 7.0 7.0 
8.0 7.0 7.0 

0.118 0.059 0.176 
0.118 0.059 0.176 
0.118 0.059 0.176 

4.0 3.0 1.0 
0.0 -1.0 0.0 
1.0 2.0 3.0 

6.0 5.0 3.0 
2.0 1.0 2.0 
3.0 4.0 5.0 

8.0 7.0 7.0 
8.0 7.0 7.0 
8.0 7.0 7.0 

0.118 0.059 0.176 
0.118 0.059 0.176 
0.118 0.059 0.176 

4.0 3.0 1.0 
0.0 -1.0 0.0 
1.0 2.0 3.0 

6.0 5.0 3.0 
2.0 1.0 2.0 
3.0 4.0 5.0 

8.0 7.0 7.0 
8.0 7.0 7.0 
8.0 7.0 7.0 

0.118 0.059 0.176 
0.118 0.059 0.176 
0.118 0.059 0.176 

4.0 3.0 1.0 
0.0 -1.0 0.0 
1.0 2.0 3.0 

6.0 5.0 3.0 
2.0 1.0 2.0 
3.0 4.0 5.0 

8.0 7.0 7.0 
8.0 7.0 7.0 
8.0 7.0 7.0 

0.118 0.059 0.176 
0.118 0.059 0.176 
0.118 0.059 0.176 

4.0 3.0 1.0 
0.0 -1.0 0.0 
1.0 2.0 3.0 

6.0 5.0 3.0 
2.0 1.0 2.0 
3.0 4.0 5.0 

8.0 7.0 7.0 
8.0 7.0 7.0 
8.0 7.0 7.0 

0.118 0.059 0.176 
0.118 0.059 0.176 
0.118 0.059 0.176 

4.0 3.0 1.0 
0.0 -1.0 0.0 
1.0 2.0 3.0 

6.0 5.0 3.0 
2.0 1.0 2.0 
3.0 4.0 5.0 

8.0 7.0 7.0 
8.0 7.0 7.0 
8.0 7.0 7.0 

0.118 0.059 0.176 
0.118 0.059 0.176 
0.118 0.059 0.176 

4.0 3.0 1.0 
0.0 -1.0 0.0 
1.0 2.0 3.0 

6.0 5.0 3.0 
2.0 1.0 2.0 
3.0 4.0 5.0 

8.0 7.0 7.0 
8.0 7.0 7.0 
8.0 7.0 7.0 

0.118 0.059 0.176 
0.118 0.059 0.176 
0.118 0.059 0.176 

4.0 3.0 1.0 
0.0 -1.0 0.0 
1.0 2.0 3.0 

6.0 5.0 3.0 
2.0 1.0 2.0 
3.0 4.0 5.0 

8.0 7.0 7.0 
8.0 7.0 7.0 
8.0 7.0 7.0 

0.118 0.059 0.176 
0.118 0.059 0.176 
0.118 0.059 0.176 

4.0 3.0 1.0 
0.0 -1.0 0.0 
1.0 2.0 3.0 

6.0 5.0 3.0 
2.0 1.0 2.0 
3.0 4.0 5.0 

8.0 7.0 7.0 
8.0 7.0 7.0 
8.0 7.0 7.0 

0.118 0.059 0.176 
0.118 0.059 0.176 
0.118 0.059 0.176 

4.0 3.0 1.0 
0.0 -1.0 0.0 
1.0 2.0 3.0 

6.0 5.0 3.0 
2.0 1.0 2.0 
3.0 4.0 5.0 

8.0 7.0 7.0 
8.0 7.0 7.0 
8.0 7.0 7.0 

0.118 0.059 0.176 
0.118 0.059 0.176 
0.118 0.059 0.176 

4.0 3.0 1.0 
0.0 -1.0 0.0 
1.0 2.0 3.0 

6.0 5.0 3.0 
2.0 1.0 2.0 
3.0 4.0 5.0 

8.0 7.0 7.0 
8.0 7.0 7.0 
8.0 7.0 7.0 

0.118 0.059 0.176 
0.118 0.059 0.176 
0.118 0.059 0.176 

4.0 3.0 1.0 
0.0 -1.0 0.0 
1.0 2.0 3.0 

6.0 5.0 3.0 
2.0 1.0 2.0 
3.0 4.0 5.0 

8.0 7.0 7.0 
8.0 7.0 7.0 
8.0 7.0 7.0 

0.118 0.059 0.176 
0.118 0.059 0.176 
0.118 0.059 0.176 

4.0 3.0 1.0 
0.0 -1.0 0.0 
1.0 2.0 3.0 

6.0 5.0 3.0 
2.0 1.0 2.0 
3.0 4.0 5.0 

8.0 7.0 7.0 
8.0 7.0 7.0 
8.0 7.0 7.0 

0.118 0.059 0.176 
0.118 0.059 0.176 
0.118 0.059 0.176 

4.0 3.0 1.0 
0.0 -1.0 0.0 
1.0 2.0 3.0 

6.0 5.0 3.0 
2.0 1.0 2.0 
3.0 4.0 5.0 

8.0 7.0 7.0 
8.0 7.0 7.0 
8.0 7.0 7.0 

0.118 0.059 0.176 
0.118 0.059 0.176 
0.118 0.059 0.176 

4.0 3.0 
0.0 -1.0 

6.0 5.0 
2.0 1.0 

6.0 4.0 
6.0 4.0 

0.25 -0.25 
0.25 -0.25 

4.0 3.0 
0.0 -1.0 

6.0 5.0 
2.0 1.0 

6.0 4.0 
6.0 4.0 

0.25 -0.25 
0.25 -0.25 

4.0 3.0 
0.0 -1.0 

6.0 5.0 
2.0 1.0 

6.0 4.0 
6.0 4.0 

4.0 3.0 
0.0 -1.0 

6.0 5.0 
2.0 1.0 

6.0 4.0 
6.0 4.0 

4.0 3.0 
0.0 -1.0 

6.0 5.0 
2.0 1.0 

6.0 4.0 
6.0 4.0 

4.0 3.0 
0.0 -1.0 

6.0 5.0 
2.0 1.0 

6.0 4.0 
6.0 4.0 

0.25 -0.25 
0.25 -0.25 

4.0 3.0 
0.0 -1.0 

6.0 5.0 
2.0 1.0 

6.0 4.0 
6.0 4.0 

0.25 -0.25 
0.25 -0.25 

4.0 3.0 
0.0 -1.0 

6.0 5.0 
2.0 1.0 

6.0 4.0 
6.0 4.0 

0.25 -0.25 
0.25 -0.25 

4.0 3.0 
0.0 -1.0 

6.0 5.0 
2.0 1.0 

6.0 4.0 
6.0 4.0 

0.25 -0.25 
0.25 -0.25 

4.0 3.0 
0.0 -1.0 

6.0 5.0 
2.0 1.0 

6.0 4.0 
6.0 4.0 

0.25 -0.25 
0.25 -0.25 

4.0 3.0 
0.0 -1.0 

6.0 5.0 
2.0 1.0 

6.0 4.0 
6.0 4.0 

0.25 -0.25 
0.25 -0.25 

4.0 3.0 
0.0 -1.0 

6.0 5.0 
2.0 1.0 

6.0 4.0 
6.0 4.0 

0.25 -0.25 
0.25 -0.25 

4.0 3.0 
0.0 -1.0 

6.0 5.0 
2.0 1.0 

6.0 4.0 
6.0 4.0 

0.25 -0.25 
0.25 -0.25 

4.0 3.0 
0.0 -1.0 

6.0 5.0 
2.0 1.0 

6.0 4.0 
6.0 4.0 

0.25 -0.25 
0.25 -0.25 

4.0 3.0 
0.0 -1.0 

6.0 5.0 
2.0 1.0 

6.0 4.0 
6.0 4.0 

0.25 -0.25 
0.25 -0.25 

4.0 3.0 
0.0 -1.0 

6.0 5.0 
2.0 1.0 

6.0 4.0 
6.0 4.0 

4.0 3.0 
0.0 -1.0 

6.0 5.0 
2.0 1.0 

6.0 4.0 
6.0 4.0 

4.0 3.0 
0.0 -1.0 

6.0 5.0 
2.0 1.0 

6.0 4.0 
6.0 4.0 

4.0 3.0 
0.0 -1.0 

6.0 5.0 
2.0 1.0 

6.0 4.0 
6.0 4.0 

4.0 3.0 
0.0 -1.0 

6.0 5.0 
2.0 1.0 

6.0 4.0 
6.0 4.0 

4.0 3.0 
0.0 -1.0 

6.0 5.0 
2.0 1.0 

6.0 4.0 
6.0 4.0 

4.0 3.0 
0.0 -1.0 

6.0 5.0 
2.0 1.0 

6.0 4.0 
6.0 4.0 

0.25 -0.25 
0.25 -0.25 

4.0 3.0 
0.0 -1.0 

6.0 5.0 
2.0 1.0 

6.0 4.0 
6.0 4.0 

0.25 -0.25 
0.25 -0.25 
We cannot sub this matrix
We cannot add this matrix

4.0 3.0 0.0 
4.0 1.0 0.0 
0.0 -1.0 2.0 

6.0 5.0 2.0 
6.0 3.0 2.0 
2.0 1.0 4.0 

11.0 6.0 5.0 
11.0 6.0 5.0 
11.0 6.0 5.0 

0.35700000000000004 -0.214 0.286 
0.35700000000000004 -0.214 0.286 
0.35700000000000004 -0.214 0.286 

4.0 3.0 0.0 
4.0 1.0 1.0 
0.0 -1.0 2.0 

6.0 5.0 2.0 
6.0 3.0 3.0 
2.0 1.0 4.0 

11.0 6.0 6.0 
11.0 6.0 6.0 
11.0 6.0 6.0 

0.37500000000000006 -0.24999999999999997 0.375 
0.37500000000000006 -0.24999999999999997 0.375 
0.37500000000000006 -0.24999999999999997 0.375 

4.0 3.0 0.0 
4.0 1.0 6.0 
0.0 -1.0 2.0 

6.0 5.0 2.0 
6.0 3.0 8.0 
2.0 1.0 4.0 

11.0 6.0 11.0 
11.0 6.0 11.0 
11.0 6.0 11.0 

1.0 -1.5 3.5 
1.0 -1.5 3.5 
1.0 -1.5 3.5 

4.0 3.0 0.0 
4.0 1.0 6.0 
0.0 -1.0 2.0 

6.0 5.0 2.0 
6.0 3.0 8.0 
2.0 1.0 4.0 

11.0 6.0 11.0 
11.0 6.0 11.0 
11.0 6.0 11.0 

1.0 -1.5 3.5 
1.0 -1.5 3.5 
1.0 -1.5 3.5 

4.0 3.0 0.0 
4.0 1.0 6.0 
0.0 -1.0 2.0 

6.0 5.0 2.0 
6.0 3.0 8.0 
2.0 1.0 4.0 

11.0 6.0 11.0 
11.0 6.0 11.0 
11.0 6.0 11.0 

1.0 -1.5 3.5 
1.0 -1.5 3.5 
1.0 -1.5 3.5 

4.0 3.0 0.0 
4.0 1.0 6.0 
0.0 -1.0 2.0 

6.0 5.0 2.0 
6.0 3.0 8.0 
2.0 1.0 4.0 

11.0 6.0 11.0 
11.0 6.0 11.0 
11.0 6.0 11.0 

1.0 -1.5 3.5 
1.0 -1.5 3.5 
1.0 -1.5 3.5 

4.0 3.0 0.0 
4.0 1.0 6.0 
0.0 -1.0 2.0 

6.0 5.0 2.0 
6.0 3.0 8.0 
2.0 1.0 4.0 

11.0 6.0 11.0 
11.0 6.0 11.0 
11.0 6.0 11.0 

1.0 -1.5 3.5 
1.0 -1.5 3.5 
1.0 -1.5 3.5 

4.0 3.0 0.0 
4.0 1.0 6.0 
0.0 -1.0 2.0 

6.0 5.0 2.0 
6.0 3.0 8.0 
2.0 1.0 4.0 

11.0 6.0 11.0 
11.0 6.0 11.0 
11.0 6.0 11.0 

4.0 3.0 0.0 
4.0 1.0 6.0 
0.0 -1.0 2.0 

6.0 5.0 2.0 
6.0 3.0 8.0 
2.0 1.0 4.0 

11.0 6.0 11.0 
11.0 6.0 11.0 
11.0 6.0 11.0 

1.0 -1.5 3.5 
1.0 -1.5 3.5 
1.0 -1.5 3.5 

4.0 3.0 0.0 
4.0 1.0 6.0 
0.0 -1.0 2.0 

6.0 5.0 2.0 
6.0 3.0 8.0 
2.0 1.0 4.0 

11.0 6.0 11.0 
11.0 6.0 11.0 
11.0 6.0 11.0 

1.0 -1.5 3.5 
1.0 -1.5 3.5 
1.0 -1.5 3.5 

4.0 3.0 0.0 
4.0 1.0 6.0 
0.0 -1.0 2.0 

6.0 5.0 2.0 
6.0 3.0 8.0 
2.0 1.0 4.0 

11.0 6.0 11.0 
11.0 6.0 11.0 
11.0 6.0 11.0 

1.0 -1.5 3.5 
1.0 -1.5 3.5 
1.0 -1.5 3.5 

4.0 3.0 0.0 
4.0 1.0 6.0 
0.0 -1.0 2.0 

6.0 5.0 2.0 
6.0 3.0 8.0 
2.0 1.0 4.0 

11.0 6.0 11.0 
11.0 6.0 11.0 
11.0 6.0 11.0 

1.0 -1.5 3.5 
1.0 -1.5 3.5 
1.0 -1.5 3.5 

4.0 3.0 0.0 
4.0 1.0 6.0 
0.0 -1.0 2.0 

6.0 5.0 2.0 
6.0 3.0 8.0 
2.0 1.0 4.0 

11.0 6.0 11.0 
11.0 6.0 11.0 
11.0 6.0 11.0 

1.0 -1.5 3.5 
1.0 -1.5 3.5 
1.0 -1.5 3.5 

4.0 3.0 0.0 
4.0 1.0 6.0 
0.0 -1.0 2.0 

6.0 5.0 2.0 
6.0 3.0 8.0 
2.0 1.0 4.0 

11.0 6.0 11.0 
11.0 6.0 11.0 
11.0 6.0 11.0 

1.0 -1.5 3.5 
1.0 -1.5 3.5 
1.0 -1.5 3.5 

4.0 3.0 0.0 
4.0 1.0 6.0 
0.0 -1.0 2.0 

6.0 5.0 2.0 
6.0 3.0 8.0 
2.0 1.0 4.0 

11.0 6.0 11.0 
11.0 6.0 11.0 
11.0 6.0 11.0 

1.0 -1.5 3.5 
1.0 -1.5 3.5 
1.0 -1.5 3.5 

4.0 3.0 0.0 
4.0 1.0 6.0 
0.0 -1.0 2.0 

6.0 5.0 2.0 
6.0 3.0 8.0 
2.0 1.0 4.0 

11.0 6.0 11.0 
11.0 6.0 11.0 
11.0 6.0 11.0 

1.0 -1.5 3.5 
1.0 -1.5 3.5 
1.0 -1.5 3.5 

4.0 3.0 0.0 
4.0 1.0 6.0 
0.0 -1.0 2.0 

6.0 5.0 2.0 
6.0 3.0 8.0 
2.0 1.0 4.0 

11.0 6.0 11.0 
11.0 6.0 11.0 
11.0 6.0 11.0 

1.0 -1.5 3.5 
1.0 -1.5 3.5 
1.0 -1.5 3.5 

4.0 3.0 0.0 
4.0 1.0 6.0 
0.0 -1.0 2.0 

6.0 5.0 2.0 
6.0 3.0 8.0 
2.0 1.0 4.0 

11.0 6.0 11.0 
11.0 6.0 11.0 
11.0 6.0 11.0 

1.0 -1.5 3.5 
1.0 -1.5 3.5 
1.0 -1.5 3.5 
