[0.39, 0.21999999999999997]
[0.39, 0.21999999999999997]

[0.39, 0.21999999999999997]
[0.39, 0.21999999999999997]

[0.39, 0.21999999999999997]
[0.39, 0.21999999999999997]

[0.39, 0.21999999999999997]
[0.39, 0.21999999999999997]

[0.39, 0.21999999999999997]
[0.39, 0.21999999999999997]

[0.39, 0.21999999999999997]
[0.39, 0.21999999999999997]

[0.39, 0.21999999999999997]
[0.39, 0.21999999999999997]

[0.39, 0.21999999999999997]
[0.39, 0.21999999999999997]

[0.39, 0.21999999999999997]
[0.39, 0.21999999999999997]

[0.39, 0.21999999999999997]
[0.39, 0.21999999999999997]

[0.39, 0.21999999999999997]
[0.39, 0.21999999999999997]

[0.39, 0.21999999999999997]
[0.39, 0.21999999999999997]

[0.39, 0.21999999999999997]
[0.39, 0.21999999999999997]

[0.39, 0.21999999999999997]
[0.39, 0.21999999999999997]

[0.39, 0.21999999999999997]
[0.39, 0.21999999999999997]

[0.39, 0.21999999999999997]
[0.39, 0.21999999999999997]

[0.39, 0.21999999999999997]
[0.39, 0.21999999999999997]

[0.39, 0.21999999999999997]
[0.39, 0.21999999999999997]

[0.39, 0.21999999999999997]
[0.39, 0.21999999999999997]

[0.39, 0.21999999999999997]
[0.39, 0.21999999999999997]

