

'list' object has no attribute '_Matrix__matrix''list' object has no attribute '_Matrix__matrix''list' object has no attribute '_Matrix__matrix''list' object has no attribute '_Matrix__matrix'[30, 36, 42]
[66, 81, 96]
[102, 126, 150]

[19, 22]
[19, 22]

[30, 36, 42]
[66, 81, 96]
[102, 126, 150]

[19, 22]
[19, 22]

[30, 36, 42]
[66, 81, 96]
[102, 126, 150]

[19, 22]
[19, 22]

[30, 36, 42]
[66, 81, 96]
[102, 126, 150]

[19, 22]
[19, 22]

[30, 36, 42]
[66, 81, 96]
[102, 126, 150]

[19, 22]
[19, 22]

[30, 36, 42]
[66, 81, 96]
[102, 126, 150]

[19, 22]
[19, 22]

[30, 36, 42]
[66, 81, 96]
[102, 126, 150]

[19, 22]
[19, 22]

[30, 36, 42]
[66, 81, 96]
[102, 126, 150]

[19, 22]
[19, 22]

[30, 36, 42]
[66, 81, 96]
[102, 126, 150]

[19, 22]
[19, 22]

[30, 36, 42]
[66, 81, 96]
[102, 126, 150]

[19, 22]
[19, 22]

[30, 36, 42]
[66, 81, 96]
[102, 126, 150]

[19, 22]
[19, 22]

[30, 36, 42]
[66, 81, 96]
[102, 126, 150]

[19, 22]
[19, 22]

[30, 36, 42]
[66, 81, 96]
[102, 126, 150]

[19, 22]
[19, 22]

[30, 36, 42]
[66, 81, 96]
[102, 126, 150]

[19, 22]
[19, 22]

[30, 36, 42]
[66, 81, 96]
[102, 126, 150]

[19, 22]
[19, 22]

[30, 36, 42]
[66, 81, 96]
[102, 126, 150]

[19, 22]
[19, 22]

[30, 36, 42]
[66, 81, 96]
[102, 126, 150]

[19, 22]
[19, 22]

[30, 36, 42]
[66, 81, 96]
[102, 126, 150]

[19, 22]
[19, 22]

[30, 36, 42]
[66, 81, 96]
[102, 126, 150]

[19, 22]
[19, 22]

