[4, 6]
[10, 12]

[2, 2]
[2, 2]

[4, 6]
[10, 12]

[2, 2]
[2, 2]

[4, 6]
[10, 12]

[2, 2]
[2, 2]

[4, 6]
[10, 12]

[2, 2]
[2, 2]

[4, 6]
[10, 12]

[2, 2]
[2, 2]

[4, 6]
[10, 12]

[2, 2]
[2, 2]

[4, 6]
[10, 12]

[2, 2]
[2, 2]

[4, 6]
[10, 12]

[2, 2]
[2, 2]

[4, 6]
[10, 12]

[2, 2]
[2, 2]

[4, 6]
[10, 12]

[2, 2]
[2, 2]

[4, 6]
[10, 12]

[2, 2]
[2, 2]

[4, 6]
[10, 12]

[2, 2]
[2, 2]

[4, 6]
[10, 12]

[2, 2]
[2, 2]

[4, 6]
[10, 12]

[2, 2]
[2, 2]

[4, 6]
[10, 12]

[2, 2]
[2, 2]

[4, 6]
[10, 12]

[2, 2]
[2, 2]

[4, 6]
[10, 12]

[2, 2]
[2, 2]

[4, 6]
[10, 12]

[2, 2]
[2, 2]

[4, 6]
[10, 12]

[2, 2]
[2, 2]

[4, 6]
[10, 12]

[2, 2]
[2, 2]

[4, 6]
[10, 12]

[2, 2]
[2, 2]

[4, 6]
[10, 12]

[2, 2]
[2, 2]

