52

0.33
1.33
1.67
3.0

2
6
12
20
30

0.5
0.67
0.75
0.8
0.83

3
5
7
9
11

2
4
8
13


52

0.33
1.33
1.67
3.0

2
6
12
20
30

0.5
0.67
0.75
0.8
0.83

3
5
7
9
11

2
4
8
13


52

0.33
1.33
1.67
3.0

2
6
12
20
30

0.5
0.67
0.75
0.8
0.83

3
5
7
9
11

2
4
8
13


52

0.33
1.33
1.67
3.0

2
6
12
20
30

0.5
0.67
0.75
0.8
0.83

3
5
7
9
11

2
4
8
13


52

0.33
1.33
1.67
3.0

2
6
12
20
30

0.5
0.67
0.75
0.8
0.83

3
5
7
9
11

2
4
8
13


52

0.33
1.33
1.67
3.0

2
6
12
20
30

0.5
0.67
0.75
0.8
0.83

3
5
7
9
11

2
4
8
13


52

0.33
1.33
1.67
3.0

