
-5465 2 3 
-5465 2 3 
-5465 2 3 
-5465 2 3 
-5465 2 3 
-5465 2 3 
-5465 2 3 
-5465 2 3 
-5465 2 3 
-5465 2 3 
-5465 2 3 
-5465 2 3 
-5465 2 3 
-5465 2 3 
-5465 2 3 
-5465 2 3 
-5465 2 3 
-5465 2 3 
-5465 2 3 
-5465 2 3 
-5465 2 3 
-5465 2 3 
-5465 2 3 
-5465 2 3 
-5465 2 3 
      
      
-5465 2 3 
-5465 2 3 
-5465 2 3 
-5465 2 3 
-5465 2 3 
-5465 2 3 
-5465 2 3 
-5465 2 3 
-5465 2 3 
-5465 2 3 
-5465 2 3 
-5465 2 3 
-5465 2 3 
-5465 2 3 
-5465 2 3 4 
-5465 2 3 4 
